#
# ./sifter.py --unk --dis --len --sync --tick -- -P1 -t
# ./injector -P1 -t -t -R -0 -s 2832895406
#
# insn tested: 1786
# artf found:  155
# runtime:     00:00:00.12
# seed:        2832895406
# arch:        32
# date:        2017-08-30 11:34:58
#
# cpu:
# processor	: 0
# vendor_id	: GenuineIntel
# cpu family	: 6
# model		: 42
# model name	: Intel(R) Celeron(R) CPU G540 @ 2.50GHz
# stepping	: 7
# microcode	: 0x29
#                               v  l  s  c
                            00  1  1  5  2 (00000000000000000000000000000000)
                            01  1  1  5  2 (01000000000000000000000000000000)
                            02  1  1  5  2 (02000000000000000000000000000000)
                            03  1  1  5  2 (03000000000000000000000000000000)
                            04  1  1  5  2 (04000000000000000000000000000000)
                            05  1  1  5  2 (05000000000000000000000000000000)
                            08  1  1  5  2 (08000000000000000000000000000000)
                            09  1  1  5  2 (09000000000000000000000000000000)
                            0a  1  1  5  2 (0a000000000000000000000000000000)
                            0b  1  1  5  2 (0b000000000000000000000000000000)
                            0c  1  1  5  2 (0c000000000000000000000000000000)
                            0d  1  1  5  2 (0d000000000000000000000000000000)
                            0f  1  1  5  2 (0f000000000000000000000000000000)
                            10  1  1  5  2 (10000000000000000000000000000000)
                            11  1  1  5  2 (11000000000000000000000000000000)
                            12  1  1  5  2 (12000000000000000000000000000000)
                            13  1  1  5  2 (13000000000000000000000000000000)
                            14  1  1  5  2 (14000000000000000000000000000000)
                            15  1  1  5  2 (15000000000000000000000000000000)
                            18  1  1  5  2 (18000000000000000000000000000000)
                            19  1  1  5  2 (19000000000000000000000000000000)
                            1a  1  1  5  2 (1a000000000000000000000000000000)
                            1b  1  1  5  2 (1b000000000000000000000000000000)
                            1c  1  1  5  2 (1c000000000000000000000000000000)
                            1d  1  1  5  2 (1d000000000000000000000000000000)
                            20  1  1  5  2 (20000000000000000000000000000000)
                            21  1  1  5  2 (21000000000000000000000000000000)
                            22  1  1  5  2 (22000000000000000000000000000000)
                            23  1  1  5  2 (23000000000000000000000000000000)
                            24  1  1  5  2 (24000000000000000000000000000000)
                            25  1  1  5  2 (25000000000000000000000000000000)
                            26  1  1  5  2 (26000000000000000000000000000000)
                            28  1  1  5  2 (28000000000000000000000000000000)
                            29  1  1  5  2 (29000000000000000000000000000000)
                            2a  1  1  5  2 (2a000000000000000000000000000000)
                            2b  1  1  5  2 (2b000000000000000000000000000000)
                            2c  1  1  5  2 (2c000000000000000000000000000000)
                            2d  1  1  5  2 (2d000000000000000000000000000000)
                            2e  1  1 11 128 (2e000000000000000000000000000000)
                            30  1  1  5  2 (30000000000000000000000000000000)
                            31  1  1  5  2 (31000000000000000000000000000000)
                            32  1  1  5  2 (32000000000000000000000000000000)
                            33  1  1  5  2 (33000000000000000000000000000000)
                            34  1  1  5  2 (34000000000000000000000000000000)
                            35  1  1  5  2 (35000000000000000000000000000000)
                            36  1  1  5  2 (36000000000000000000000000000000)
                            38  1  1  5  2 (38000000000000000000000000000000)
                            39  1  1  5  2 (39000000000000000000000000000000)
                            3a  1  1  5  2 (3a000000000000000000000000000000)
                            3b  1  1  5  2 (3b000000000000000000000000000000)
                            3c  1  1  5  2 (3c000000000000000000000000000000)
                            3d  1  1  5  2 (3d000000000000000000000000000000)
                            3e  1  1  5  2 (3e000000000000000000000000000000)
                            62  1  1  5  2 (62000000000000000000000000000000)
                            63  1  1  5  2 (63000000000000000000000000000000)
                            64  1  1 11 128 (64000000000000000000000000000000)
                            66  1  1  5  2 (66000000000000000000000000000000)
                            67  1  1  5  2 (67000000000000000000000000000000)
                            68  1  1  5  2 (68000000000000000000000000000000)
                            69  1  1  5  2 (69000000000000000000000000000000)
                            6a  1  1  5  2 (6a000000000000000000000000000000)
                            6b  1  1  5  2 (6b000000000000000000000000000000)
                            70  1  1  5  2 (70000000000000000000000000000000)
                            71  1  1  5  2 (71000000000000000000000000000000)
                            72  1  1  5  2 (72000000000000000000000000000000)
                            73  1  1  5  2 (73000000000000000000000000000000)
                            74  1  1  5  2 (74000000000000000000000000000000)
                            75  1  1  5  2 (75000000000000000000000000000000)
                            76  1  1  5  2 (76000000000000000000000000000000)
                            77  1  1  5  2 (77000000000000000000000000000000)
                            78  1  1  5  2 (78000000000000000000000000000000)
                            79  1  1  5  2 (79000000000000000000000000000000)
                            7a  1  1  5  2 (7a000000000000000000000000000000)
                            7b  1  1  5  2 (7b000000000000000000000000000000)
                            7c  1  1  5  2 (7c000000000000000000000000000000)
                            7d  1  1  5  2 (7d000000000000000000000000000000)
                            7e  1  1  5  2 (7e000000000000000000000000000000)
                            7f  1  1  5  2 (7f000000000000000000000000000000)
                            80  1  1  5  2 (80000000000000000000000000000000)
                            81  1  1  5  2 (81000000000000000000000000000000)
                            82  1  1  5  2 (82000000000000000000000000000000)
                            83  1  1  5  2 (83000000000000000000000000000000)
                            84  1  1  5  2 (84000000000000000000000000000000)
                            85  1  1  5  2 (85000000000000000000000000000000)
                            86  1  1  5  2 (86000000000000000000000000000000)
                            87  1  1  5  2 (87000000000000000000000000000000)
                            88  1  1  5  2 (88000000000000000000000000000000)
                            89  1  1  5  2 (89000000000000000000000000000000)
                            8a  1  1  5  2 (8a000000000000000000000000000000)
                            8b  1  1  5  2 (8b000000000000000000000000000000)
                            8c  1  1  5  2 (8c000000000000000000000000000000)
                            8d  1  1  5  2 (8d000000000000000000000000000000)
                            8f  1  1  5  2 (8f000000000000000000000000000000)
                            9a  1  1 11 128 (9a000000000000000000000000000000)
                            a0  1  1  5  2 (a0000000000000000000000000000000)
                            a1  1  1  5  2 (a1000000000000000000000000000000)
                            a2  1  1  5  2 (a2000000000000000000000000000000)
                            a3  1  1  5  2 (a3000000000000000000000000000000)
                            a8  1  1  5  2 (a8000000000000000000000000000000)
                            a9  1  1  5  2 (a9000000000000000000000000000000)
                            b0  1  1  5  2 (b0000000000000000000000000000000)
                            b1  1  1  5  2 (b1000000000000000000000000000000)
                            b2  1  1  5  2 (b2000000000000000000000000000000)
                            b3  1  1  5  2 (b3000000000000000000000000000000)
                            b4  1  1  5  2 (b4000000000000000000000000000000)
                            b5  1  1  5  2 (b5000000000000000000000000000000)
                            b6  1  1  5  2 (b6000000000000000000000000000000)
                            b7  1  1  5  2 (b7000000000000000000000000000000)
                            b8  1  1  5  2 (b8000000000000000000000000000000)
                            b9  1  1  5  2 (b9000000000000000000000000000000)
                            ba  1  1  5  2 (ba000000000000000000000000000000)
                            bb  1  1  5  2 (bb000000000000000000000000000000)
                            bd  1  1  5  2 (bd000000000000000000000000000000)
                            be  1  1  5  2 (be000000000000000000000000000000)
                            bf  1  1  5  2 (bf000000000000000000000000000000)
                            c0  1  1  5  2 (c0000000000000000000000000000000)
                            c1  1  1  5  2 (c1000000000000000000000000000000)
                            c2  1  1  5  2 (c2000000000000000000000000000000)
                            c6  1  1  5  2 (c6000000000000000000000000000000)
                            c7  1  1  5  2 (c7000000000000000000000000000000)
                            ca  1  1 11 128 (ca000000000000000000000000000000)
                            cd  1  1 11 128 (cd000000000000000000000000000000)
                            d0  1  1  5  2 (d0000000000000000000000000000000)
                            d1  1  1  5  2 (d1000000000000000000000000000000)
                            d2  1  1  5  2 (d2000000000000000000000000000000)
                            d3  1  1  5  2 (d3000000000000000000000000000000)
                            d4  1  1  8  1 (d4000000000000000000000000000000)
                            d5  1  1  5  2 (d5000000000000000000000000000000)
                            d8  1  1  5  2 (d8000000000000000000000000000000)
                            d9  1  1  5  2 (d9000000000000000000000000000000)
                            da  1  1  5  2 (da000000000000000000000000000000)
                            db  1  1  5  2 (db000000000000000000000000000000)
                            dc  1  1  5  2 (dc000000000000000000000000000000)
                            dd  1  1  5  2 (dd000000000000000000000000000000)
                            de  1  1  5  2 (de000000000000000000000000000000)
                            df  1  1  5  2 (df000000000000000000000000000000)
                            e0  1  1  5  2 (e0000000000000000000000000000000)
                            e1  1  1  5  2 (e1000000000000000000000000000000)
                            e2  1  1  5  2 (e2000000000000000000000000000000)
                            e3  1  1  5  2 (e3000000000000000000000000000000)
                            e4  1  1 11 128 (e4000000000000000000000000000000)
                            e5  1  1 11 128 (e5000000000000000000000000000000)
                            e6  1  1 11 128 (e6000000000000000000000000000000)
                            e7  1  1 11 128 (e7000000000000000000000000000000)
                            e8  1  1  5  2 (e8000000000000000000000000000000)
                            e9  1  1  5  2 (e9000000000000000000000000000000)
                            ea  1  1 11 128 (ea000000000000000000000000000000)
                            eb  1  1  5  2 (eb000000000000000000000000000000)
                            f0  1  1  5  2 (f0000000000000000000000000000000)
                            f2  1  1  5  2 (f2000000000000000000000000000000)
                            f3  1  1  5  2 (f3000000000000000000000000000000)
                            f6  1  1  5  2 (f6000000000000000000000000000000)
                            f7  1  1  5  2 (f7000000000000000000000000000000)
                            fe  1  1  5  2 (fe000000000000000000000000000000)
                            ff  1  1  5  2 (ff000000000000000000000000000000)
